OEHHACPV<-c("75-07-0",
"60-35-5",
"79-06-1",
"107-13-1",
"107-05-1",
"117-79-3",
"62-53-3",
"7440-38-2",
"1332-21-4",
"56-55-3",
"71-43-2",
"92-87-5",
"50-32-8",
"205-99-2",
"205-82-3",
"207-08-9",
"100-44-7",
"7440-41-7",
"111-44-4",
"542-88-1",
"106-99-0",
"7440-43-9",
'56-23-5',
'1746-01-6',
'5120-73-19',
'108171-26-2',
'67-66-3',
'95-83-0',
'95-69-2',
'18540-29-9',
'218-01-9',
'8001-58-9',
'120-71-8',
'135-20-6',
'615-05-4',
'95-80-7',
'226-36-8',
'224-42-0',
'53-70-3',
'192-65-4',
'189-64-0',
'189-55-9',
'191-30-0',
'194-59-2',
'96-12-8',
'106-46-7',
'91-94-1',
'75-34-3',
'117-81-7',
'60-11-7',
'57-97-6',
'42397-64-8',
'42397-65-9',
'121-14-2',
'123-91-1',
'106-89-8',
'100-41-4',
'106-93-4',
'107-06-2',
'75-21-8',
'96-45-7',
'50-00-0',
'118-74-1',
'608-73-1',
'302-01-2',
'193-39-5',
'7439-92-1',
'58-89-9',
'1634-04-4',
'56-49-5',
'3697-24-3',
'101-14-4',
'75-09-2',
'101-77-9',
'90-94-8',
'91-20-3',
'7440-02-0',
'602-87-9',
'7496-02-8',
'607-57-8',
'5522-43-0',
'57835-92-4',
'924-16-3',
'10595-95-6',
'621-64-7',
'55-18-5',
'62-75-9',
'86-30-6',
'156-10-5',
'59-89-2',
'100-75-4',
'930-55-2',
'87-86-5',
'127-18-4',
'1336-36-3',
"7758-01-2",
'1120-71-4',
'75-56-9',
'79-34-5',
'62-55-5',
'584-84-9',
'91-08-7',
'79-00-5',
'79-01-6',
'88-06-2',
'51-79-6',
'75-01-4'
)
